max_depth: 3
learning_rate: 0.09222929445288928
n_estimators: 199
subsample: 0.5003718198735058
colsample_bytree: 0.8310917506470121
gamma: 0.13566644039562242
reg_alpha: 0.029867618709022974
reg_lambda: 0.0005818694744638248
Best Score: -0.06687450439069662
